[Rgb]
device_id = "/dev/v4l/by-id/usb-e-con_Systems_See3CAM_CU20_0F0E0704-video-index0"
width = 1920
height = 1080
fps = 30
fx = 917.3338033651836
fy = 913.6474933148387
cx = 905.2453717140801
cy = 545.5531604279062
k1 = 0.04492626426994839
k2 = 0.027549900832336535
k3 = -0.02191914204952242
k4 = 0.005226000360370157
