[Rgb]
device_id = "/dev/v4l/by-id/usb-e-con_Systems_See3CAM_CU20_29110604-video-index0"
width = 1920
height = 1080
fps = 30
fx = 907.491014776
fy = 911.998511605
cx = 920.941178102
cy = 543.722086789
k1 = 0.054701935321
k2 = 0.0110752974498
k3 = 0.00317033413054
k4 = -0.00428861175444
auto_exposure = "lower_center"  # "centered", "roi", "lower_center", "disabled"
roi_size = 4
